crypto:13832.480469
raw_material:1709.27
stock_exchange:5455.399902
forex:1.07263
