crypto:15046.269531
raw_material:1823.93
stock_exchange:5365.830078
forex:1.07181
