crypto:13863.959961
raw_material:1522.44
stock_exchange:5390.479980
forex:1.06382
