stock_exchange:5362.410156
crypto:12697.709961
forex:1.07027
raw_material:2138.02
