crypto:10654.400391
raw_material:1736.09
stock_exchange:5407.750000
forex:1.0684
