crypto:13503.349609
stock_exchange:5363.649902
forex:1.07064
raw_material:2002.46
